NEURAL POLICY
====================

HIDDEN LAYER
neurons=8
inputsPerNeuron=26

Neuron 0
weights: -0.13821748, 2.8277924, 0.5248463, -3.5459902, -5.032688, -3.2414474, -5.2876406, 0.49337804, -3.0153258, 2.6753287, -1.785726, -3.865762, 2.1923983, 3.065858, -0.3098637, 3.5334964, 2.5099373, 0.87532145, -0.694594, 0.46207416, -1.295866, 3.1391664, 1.0728115, -0.25371096, -2.6251845, -0.1130397
bias: 0.9156936

Neuron 1
weights: -0.27673185, -2.475264, -2.647135, 1.9618398, 2.3730826, 3.50943, -2.6301293, 1.7389172, -1.1527863, 2.6817124, 3.4378166, -2.0293813, 2.3069675, 2.7187705, 3.563419, 0.7767867, 2.3824296, -2.4804497, -1.5240084, 0.31412286, -1.6354321, -2.7163005, 1.1271012, 1.3884052, -0.33331713, -0.9089448
bias: 1.5395241

Neuron 2
weights: -1.764721, -2.273365, -2.346467, 4.7205935, -1.8062767, 1.5425377, 1.447382, -2.5756822, -1.6903441, -0.5507397, 2.4335384, 1.6162312, 2.2489088, -0.43804097, -0.9202374, -0.8327546, -1.7272319, -0.8942881, 2.4841952, 0.44786447, -0.44724262, 0.91006255, -0.056919336, -0.97407377, -0.15099937, 6.451922
bias: 0.46052828

Neuron 3
weights: -3.3275862, -2.5516286, -4.2238946, -0.61766136, 4.135221, -0.70813596, 3.7865098, 2.148409, 0.24710879, 2.8765268, -0.5613331, -3.5583873, 0.3725862, -1.0563642, -1.17049, -3.4305499, 1.0037705, 2.9062932, -1.162863, -1.6120657, 3.3457587, 1.0392219, 5.106142, 1.509058, -2.7243278, -1.8434582
bias: -0.88777083

Neuron 4
weights: 2.1063569, 1.3198973, -0.57792264, 3.4921718, 1.8508122, -1.7745494, -1.1899855, 3.661018, -0.85801053, -3.454259, 0.7762145, -1.1001881, -1.7147096, -1.3090215, -1.7781824, 1.7746409, 0.8625921, 4.621356, 2.8073952, 5.1156454, -1.2658136, -0.23106386, -0.8084257, -3.7803392, -0.22177294, -0.44358197
bias: 0.23013484

Neuron 5
weights: -0.3181879, 4.3921766, 0.37125748, -3.7015243, 0.28098613, 1.38313, 1.4425337, 2.922844, -0.17249414, 0.6071017, 4.30979, -0.52873534, -1.884621, 1.5811101, 0.13464932, -5.7726507, -2.2670486, 2.0062008, 1.9909583, -1.1007411, -0.20659402, 1.6264323, 0.26292259, 3.0037599, 3.4479449, -1.6287122
bias: 3.851731

Neuron 6
weights: -1.1918579, 2.9625075, 1.8980584, 1.7219038, -0.5316347, 5.1953297, 2.1073434, 2.7093494, -2.4003487, -1.4677248, 0.3077702, -0.06752512, 0.41346622, 3.5116045, -2.0031476, -4.1793256, -0.38737157, -3.4764354, 0.51782686, -0.28636733, -5.699769, 0.9233685, -2.9856272, 0.10457718, 0.11440158, -0.46310538
bias: 0.3911854

Neuron 7
weights: -4.017095, -3.725497, -1.7759343, 0.8576331, -0.7288779, -0.832508, -2.7933228, 3.0654643, -1.3860849, 0.48778063, 1.9722753, -0.7154685, -0.4909135, 0.051766485, 4.10096, 0.45525572, -1.3338039, -4.3549433, -2.9594388, -3.173404, -1.1220095, -2.1094112, -0.7244446, -3.0116634, 2.5961359, -0.11682154
bias: -2.6636934

OUTPUT LAYER
neurons=3
inputsPerNeuron=8

Neuron 0
weights: 3.9758608, -2.0089498, 1.5794225, -2.2860842, 0.89675295, -0.5448656, -1.2693638, -2.519916
bias: -1.6757817

Neuron 1
weights: 1.0046252, -0.41826767, 0.06632437, 0.021849602, 0.14580622, 0.7925079, 0.8781108, 0.40864587
bias: -0.05245824

Neuron 2
weights: -2.1087558, 2.6289716, -1.7154672, 2.2477639, -0.2003119, -1.5569849, -0.020305604, 1.2968751
bias: 2.1557908
